0.0
0.254333
0.490631
0.69223
0.845154
0.939117
0.968384
0.932068
0.834106
0.683014
0.490967
0.272858
0.045105
-0.17572
-0.374207
-0.537231
-0.654846
-0.7211
-0.734192
-0.696533
-0.614227
-0.496613
-0.355103
-0.202271
-0.0506592
0.0881042
0.20459
0.291779
0.345825
0.366119
0.355042
0.317627
0.260834
0.19278
0.121948
0.0561523
0.00195312
-0.0358582
-0.0549622
-0.0552673
-0.0389404
-0.0101013
0.0257568
0.0625305
0.0939941
0.114685
0.120392
0.108765
0.0793457
0.033844
-0.0241394
-0.0894775
-0.156067
-0.217316
-0.267029
-0.299835
-0.311859
-0.301147
-0.267731
-0.213776
-0.14328
-0.0618286
0.0241089
0.107697
0.182404
0.242615
0.284058
0.304382
0.303101
0.281769
0.243622
0.193298
0.136261
0.0782166
0.0245056
-0.0203552
-0.0533447
-0.0730286
-0.0797424
-0.0755005
-0.0637207
-0.0487671
-0.0353699
-0.0281067
-0.0306702
-0.0454407
-0.0731201
-0.112366
-0.160004
-0.211121
-0.259491
-0.29834
-0.320862
-0.321106
-0.294617
-0.239197
-0.155182
-0.0457764
0.0830078
0.222809
0.363281
0.493011
0.600525
0.675171
0.70816
0.693573
0.628815
0.51532
0.358398
0.167114
-0.0461731
-0.266968
-0.47934
-0.667419
-0.816681
-0.914886
-0.953461
-0.92804
-0.838928
-0.691315
-0.494781
-0.262787
-0.0115051
0.241241
0.47757
0.680664
0.836212
0.933563
0.966431
0.93338
0.837891
0.68811
0.496002
0.276489
0.0461731
-0.178009
-0.380127
-0.546448
-0.666473
-0.733643
-0.745758
-0.704987
-0.617584
-0.493042
-0.343384
-0.181885
-0.0220642
0.123596
0.244659
0.333374
0.385315
0.399628
0.378754
0.328217
0.255829
0.170837
0.0830078
0.00170898
-0.0650024
-0.111176
-0.133331
-0.130737
-0.105408
-0.0617676
-0.006073
0.0541382
0.111115
0.15741
0.186859
0.195099
0.179962
0.141876
0.0835266
0.00982666
-0.0726624
-0.156494
-0.233826
-0.297363
-0.340942
-0.360199
-0.352875
-0.319153
-0.261444
-0.184235
-0.0936279
0.00317383
0.0986938
0.18573
0.257996
0.310822
0.341217
0.348358
0.333405
0.299286
0.250366
0.191895
0.129425
0.0682678
0.0129395
-0.0332642
-0.0685425
-0.0926208
-0.10675
-0.113373
-0.115723
-0.11734
-0.12149
-0.130829
-0.146698
-0.169067
-0.19635
-0.225403
-0.252014
-0.271057
-0.277313
-0.265991
-0.233337
-0.177338
-0.098114
0.00192261
0.117859
0.242615
0.367371
0.482117
0.576691
0.64151
0.668488
0.652039
0.589508
0.481873
0.33371
0.153137
-0.0486755
-0.25824
-0.460785
-0.641235
-0.785645
-0.882141
-0.922089
-0.900818
-0.818176
-0.678528
-0.490692
-0.267242
-0.0236511
0.222961
0.455109
0.656158
0.811829
0.911163
0.94751
0.918884
0.828217
0.683075
0.494995
0.278534
0.0501709
-0.173126
-0.375275
-0.542175
-0.662903
-0.730469
-0.74231
-0.700317
-0.610535
-0.482574
-0.328674
-0.162567
0.00167847
0.15094
0.274017
0.36261
0.411835
0.420532
0.391235
0.329773
0.244537
0.145691
0.0441284
-0.0495605
-0.12616
-0.178589
-0.202454
-0.196411
-0.162323
-0.104828
-0.0309753
0.0506592
0.130859
0.200409
0.251343
0.277527
0.275238
0.243561
0.184448
0.10257
0.00473022
-0.100586
-0.204224
-0.296997
-0.370605
-0.418457
-0.436066
-0.421661
-0.376068
-0.302795
-0.20755
-0.0977478
0.018158
0.131531
0.23407
0.318787
0.380341
0.415527
0.42337
0.405121
0.363983
0.304749
0.233154
0.155304
0.0772095
0.00396729
-0.0603027
-0.11319
-0.153595
-0.181976
-0.199982
-0.210144
-0.215271
-0.21814
-0.220917
-0.224884
-0.230103
-0.235474
-0.238678
-0.236633
-0.225708
-0.202423
-0.163818
-0.108124
-0.0351257
0.0534363
0.153992
0.260895
0.366974
0.463989
0.543243
0.596405
0.616333
0.59787
0.538361
0.438324
0.301514
0.134857
-0.0517273
-0.246216
-0.43512
-0.604584
-0.741455
-0.834442
-0.875061
-0.858429
-0.783813
-0.654816
-0.479218
-0.268463
-0.0369873
0.199097
0.423004
0.618683
0.772064
0.872192
0.911987
0.889038
0.805603
0.668488
0.488525
0.279633
0.0577393
-0.160461
-0.35907
-0.523834
-0.643707
-0.711365
-0.723816
-0.682587
-0.593414
-0.465729
-0.311707
-0.145142
0.0195618
0.169037
0.291565
0.378448
0.424438
0.428131
0.392029
0.322113
0.227173
0.118011
0.00631714
-0.0964355
-0.180023
-0.236481
-0.260651
-0.250702
-0.208313
-0.138336
-0.0482788
0.0522461
0.152802
0.242737
0.312469
0.354309
0.363068
0.336731
0.27655
0.186798
0.074646
-0.0506592
-0.178711
-0.298615
-0.400177
-0.474609
-0.515472
-0.519073
-0.484802
-0.415131
-0.315338
-0.193085
-0.0576172
0.0809326
0.212494
0.327881
0.419403
0.481567
0.511322
0.508301
0.474579
0.414337
0.333527
0.239075
0.138306
0.0382385
-0.0549011
-0.136353
-0.202759
-0.252625
-0.285919
-0.304138
-0.30957
-0.305206
-0.294006
-0.278534
-0.260651
-0.241211
-0.220093
-0.196167
-0.167633
-0.132294
-0.0881042
-0.0335999
0.0317078
0.107086
0.190094
0.276825
0.361877
0.438904
0.500916
0.541046
0.553192
0.532745
0.477112
0.386322
0.263214
0.113495
-0.0545654
-0.230499
-0.402405
-0.557831
-0.684814
-0.772797
-0.813568
-0.802094
-0.737152
-0.621368
-0.461334
-0.267242
-0.0520325
0.169342
0.381256
0.568481
0.717407
0.8172
0.860626
0.844696
0.770905
0.645172
0.477356
0.280396
0.0694275
-0.139618
-0.331177
-0.491302
-0.608887
-0.676392
-0.69046
-0.65213
-0.566711
-0.443085
-0.293152
-0.130432
0.0307922
0.177032
0.296478
0.380127
0.422516
0.422028
0.380981
0.305359
0.204132
0.0884705
-0.0295105
-0.137695
-0.22525
-0.283417
-0.306519
-0.292328
-0.24234
-0.161438
-0.0576477
0.0588074
0.176453
0.283447
0.368896
0.423737
0.44162
0.419495
0.35788
0.260864
0.135742
-0.00762939
-0.157654
-0.302032
-0.428802
-0.527313
-0.589294
-0.609283
-0.585327
-0.51889
-0.414886
-0.281067
-0.127411
0.0346375
0.193359
0.337494
0.457153
0.544708
0.595184
0.606506
0.57962
0.518311
0.428497
0.317932
0.19519
0.0690918
-0.0520325
-0.161133
-0.252777
-0.323334
-0.371246
-0.396881
-0.402069
-0.389954
-0.364227
-0.328827
-0.287354
-0.242737
-0.19696
-0.15097
-0.104797
-0.0576782
-0.00848389
0.0439453
0.100494
0.161163
0.224976
0.289703
0.351959
0.407318
0.450745
0.476868
0.480804
0.458557
0.407684
0.327667
0.220398
0.0901794
-0.0563965
-0.210754
-0.362762
-0.501678
-0.616821
-0.698517
-0.739105
-0.733429
-0.679688
-0.579498
-0.438202
-0.264343
-0.0692749
0.133636
0.33017
0.506134
0.648651
0.747223
0.794464
0.786896
0.725159
0.614075
0.46228
0.281494
0.0856018
-0.110352
-0.291626
-0.444763
-0.558807
-0.626068
-0.642853
-0.60968
-0.531097
-0.415436
-0.273743
-0.11911
0.034668
0.174347
0.288239
0.36731
0.405884
0.402161
0.358215
0.279877
0.175995
0.0577698
-0.062439
-0.172363
-0.260651
-0.318237
-0.338989
-0.320374
-0.263641
-0.173767
-0.0589294
0.0701294
0.201172
0.321564
0.419312
0.484314
0.509216
0.490082
0.42688
0.323364
0.18689
0.0278931
-0.141174
-0.306824
-0.455597
-0.575256
-0.655792
-0.690308
-0.675537
-0.61203
-0.504272
-0.360107
-0.190094
-0.00674438
0.176605
0.346924
0.492371
0.603271
0.672791
0.697357
0.676849
0.614441
0.516174
0.390442
0.247009
0.0963745
-0.0512085
-0.186523
-0.301941
-0.392029
-0.453613
-0.485931
-0.490448
-0.470306
-0.429993
-0.374725
-0.309845
-0.240265
-0.170135
-0.102478
-0.0391235
0.0191345
0.0726624
0.122284
0.169098
0.213989
0.257446
0.298981
0.33725
0.369934
0.39389
0.405518
0.401154
0.377472
0.332184
0.264343
0.174713
0.0661316
-0.0565796
-0.18689
-0.316681
-0.437012
-0.538727
-0.613281
-0.653503
-0.654266
-0.613159
-0.530792
-0.41098
-0.260559
-0.0890198
0.0920715
0.270172
0.432465
0.566956
0.663574
0.714966
0.717072
0.669678
0.576324
0.444183
0.283447
0.106598
-0.0726929
-0.240753
-0.384766
-0.494171
-0.561218
-0.58194
-0.556122
-0.487549
-0.383545
-0.254242
-0.111816
0.0307312
0.160706
0.266754
0.339996
0.374725
0.368866
0.324219
0.246216
0.143463
0.0267639
-0.0916443
-0.199524
-0.285461
-0.340179
-0.357391
-0.334259
-0.271881
-0.17514
-0.0522766
0.0857544
0.226288
0.35611
0.462555
0.534729
0.564484
0.54718
0.482269
0.37323
0.227417
0.055542
-0.129242
-0.312561
-0.479706
-0.617096
-0.713409
-0.760345
-0.75354
-0.692719
-0.581909
-0.428925
-0.244812
-0.0429688
0.162018
0.355469
0.523773
0.655518
0.742126
0.778687
0.763977
0.700714
0.594849
0.455353
0.29306
0.119965
-0.0518799
-0.211273
-0.348602
-0.456635
-0.53067
-0.56897
-0.572418
-0.544281
-0.489777
-0.415253
-0.327759
-0.234161
-0.140625
-0.0522461
0.0273132
0.0959778
0.153076
0.199097
0.235474
0.263977
0.286407
0.304169
0.317932
0.327515
0.331787
0.328888
0.316376
0.291779
0.25293
0.198334
0.127808
0.042572
-0.0545044
-0.158905
-0.264709
-0.36496
-0.452148
-0.518951
-0.558777
-0.56662
-0.539459
-0.476807
-0.38089
-0.256653
-0.111542
0.0449219
0.202087
0.348663
0.473785
0.567963
0.62384
0.636932
0.605927
0.533081
0.423889
0.286774
0.132446
-0.0270081
-0.179169
-0.312225
-0.416077
-0.483124
-0.508942
-0.492706
-0.437134
-0.348389
-0.235352
-0.108978
0.0187683
0.136078
0.232239
0.298615
0.329559
0.322815
0.279724
0.205231
0.107269
-0.00378418
-0.116364
-0.218475
-0.298981
-0.348724
-0.361298
-0.333771
-0.267029
-0.165741
-0.0380554
0.105133
0.251068
0.38623
0.49765
0.573883
0.606293
0.589722
0.523163
0.40976
0.256836
0.0751648
-0.121674
-0.318634
-0.500183
-0.651672
-0.760681
-0.81781
-0.817749
-0.75943
-0.646454
-0.486481
-0.290894
-0.073761
0.149261
0.362274
0.55011
0.699829
0.801361
0.84848
0.839111
0.77533
0.663055
0.511658
0.332855
0.139954
-0.0533752
-0.234192
-0.391113
-0.515137
-0.60025
-0.643707
-0.645905
-0.610138
-0.542236
-0.449707
-0.341034
-0.224945
-0.109619
-0.00198364
0.0925293
0.170471
0.230286
0.272125
0.297668
0.30954
0.310944
0.304993
0.294434
0.281128
0.265991
0.248901
0.22876
0.203857
0.17215
0.131714
0.0812988
0.0205383
-0.0496216
-0.126923
-0.207642
-0.286865
-0.358887
-0.417603
-0.457245
-0.472778
-0.460663
-0.419281
-0.349182
-0.253296
-0.136932
-0.00726318
0.126923
0.256195
0.370911
0.46228
0.523102
0.548279
0.535583
0.485687
0.402283
0.29184
0.163055
0.0262146
-0.107819
-0.228394
-0.326019
-0.39328
-0.425446
-0.420807
-0.381042
-0.310852
-0.217651
-0.110901
-0.00112915
0.100861
0.185272
0.243958
0.271362
0.264984
0.225739
0.157837
0.0683899
-0.0331421
-0.135956
-0.22879
-0.301025
-0.343781
-0.35083
-0.319153
-0.24942
-0.146057
-0.0168152
0.127594
0.274719
0.411102
0.523682
0.600922